
T001 =

  1×5 table

    epsilon001    safe001    unsafe001    unknown001    verify_time001
    __________    _______    _________    __________    ______________

      0.001         46           4            0             1.2129    

total time absdom norm (eps=0.001): 1.212881 
T002 =

  1×5 table

    epsilon002    safe002    unsafe002    unknown002    verify_time002
    __________    _______    _________    __________    ______________

      0.002         46           4            0             1.3294    

total time absdom norm (eps=0.002): 1.329404 
T003 =

  1×5 table

    epsilon003    safe003    unsafe003    unknown003    verify_time003
    __________    _______    _________    __________    ______________

      0.003         44           4            2             1.3569    

total time absdom norm (eps=0.003): 1.356933 
T004 =

  1×5 table

    epsilon004    safe004    unsafe004    unknown004    verify_time004
    __________    _______    _________    __________    ______________

      0.004         44           4            2             1.4149    

total time absdom norm (eps=0.004): 1.414882 
T005 =

  1×5 table

    epsilon005    safe005    unsafe005    unknown005    verify_time005
    __________    _______    _________    __________    ______________

      0.005         41           4            5             1.4539    

total time absdom norm (eps=0.005): 1.453914 
T006 =

  1×5 table

    epsilon006    safe006    unsafe006    unknown006    verify_time006
    __________    _______    _________    __________    ______________

      0.006         33           4            13            1.4784    

total time absdom norm (eps=0.006): 1.478421 
T007 =

  1×5 table

    epsilon007    safe007    unsafe007    unknown007    verify_time007
    __________    _______    _________    __________    ______________

      0.007         24           4            22            1.557     

total time absdom norm (eps=0.007): 1.556950 
T008 =

  1×5 table

    epsilon008    safe008    unsafe008    unknown008    verify_time008
    __________    _______    _________    __________    ______________

      0.008         15           4            31            1.7064    

total time absdom norm (eps=0.008): 1.706406 
T009 =

  1×5 table

    epsilon009    safe009    unsafe009    unknown009    verify_time009
    __________    _______    _________    __________    ______________

      0.009          9           4            37            1.6636    

total time absdom norm (eps=0.009): 1.663615 
T010 =

  1×5 table

    epsilon010    safe010    unsafe010    unknown010    verify_time010
    __________    _______    _________    __________    ______________

       0.01          6           4            40            1.7385    

total time absdom norm (eps=0.010): 1.738513 
T015 =

  1×5 table

    epsilon015    safe015    unsafe015    unknown015    verify_time015
    __________    _______    _________    __________    ______________

      0.015          0           4            46            1.8274    

total time absdom norm (eps=0.015): 1.827440 
T020 =

  1×5 table

    epsilon020    safe020    unsafe020    unknown020    verify_time020
    __________    _______    _________    __________    ______________

       0.02          0           4            46            1.7609    

total time absdom norm (eps=0.020): 1.760901 
T025 =

  1×5 table

    epsilon025    safe025    unsafe025    unknown025    verify_time025
    __________    _______    _________    __________    ______________

      0.025          0           4            46            1.7209    

total time absdom norm (eps=0.025): 1.720903 
T030 =

  1×5 table

    epsilon030    safe030    unsafe030    unknown030    verify_time030
    __________    _______    _________    __________    ______________

       0.03          0           4            46            1.6368    

total time absdom norm (eps=0.030): 1.636845 >> 